Using cuda
07:45:14.271537 Creating training dataset
10:31:34.261146 Training dataset created
10:31:34.383071 Start training
[1,   100] loss: 0.002
[1,   200] loss: 0.006
[1,   300] loss: 0.006
[1,   400] loss: 0.008
[1,   500] loss: 0.009
[1,   600] loss: 0.008
[1,   700] loss: 0.002
[1,   800] loss: 0.006
[1,   900] loss: 0.008
[1,  1000] loss: 0.011
[1,  1100] loss: 0.009
[1,  1200] loss: 0.008
[1,  1300] loss: 0.005
[1,  1400] loss: 0.010
[1,  1500] loss: 0.013
[1,  1600] loss: 0.008
[1,  1700] loss: 0.006
[1,  1800] loss: 0.004
[1,  1900] loss: 0.007
[1,  2000] loss: 0.010
[1,  2100] loss: 0.010
[1,  2200] loss: 0.008
[1,  2300] loss: 0.009
[1,  2400] loss: 0.003
[1,  2500] loss: 0.008
[1,  2600] loss: 0.009
[1,  2700] loss: 0.010
[1,  2800] loss: 0.011
[1,  2900] loss: 0.010
[1,  3000] loss: 0.014
[1,  3100] loss: 0.007
[1,  3200] loss: 0.012
[1,  3300] loss: 0.013
[1,  3400] loss: 0.007
[1,  3500] loss: 0.007
[1,  3600] loss: 0.010
[1,  3700] loss: 0.006
[1,  3800] loss: 0.013
[1,  3900] loss: 0.003
[1,  4000] loss: 0.007
[1,  4100] loss: 0.009
[1,  4200] loss: 0.009
[1,  4300] loss: 0.010
[1,  4400] loss: 0.007
[1,  4500] loss: 0.008
[1,  4600] loss: 0.009
[1,  4700] loss: 0.009
[1,  4800] loss: 0.009
[1,  4900] loss: 0.007
[1,  5000] loss: 0.007
[1,  5100] loss: 0.007
[1,  5200] loss: 0.011
[1,  5300] loss: 0.011
[1,  5400] loss: 0.008
[1,  5500] loss: 0.005
[1,  5600] loss: 0.011
[1,  5700] loss: 0.010
[1,  5800] loss: 0.008
[1,  5900] loss: 0.007
[1,  6000] loss: 0.006
[1,  6100] loss: 0.010
[1,  6200] loss: 0.008
[1,  6300] loss: 0.006
[1,  6400] loss: 0.004
[1,  6500] loss: 0.007
[1,  6600] loss: 0.013
[1,  6700] loss: 0.010
[1,  6800] loss: 0.011
[1,  6900] loss: 0.008
[1,  7000] loss: 0.008
[1,  7100] loss: 0.006
[1,  7200] loss: 0.008
[1,  7300] loss: 0.007
[1,  7400] loss: 0.013
[1,  7500] loss: 0.013
[1,  7600] loss: 0.007
[1,  7700] loss: 0.011
[1,  7800] loss: 0.010
[1,  7900] loss: 0.008
[1,  8000] loss: 0.012
[1,  8100] loss: 0.011
[1,  8200] loss: 0.011
[1,  8300] loss: 0.012
[1,  8400] loss: 0.008
[1,  8500] loss: 0.013
[1,  8600] loss: 0.008
[1,  8700] loss: 0.016
[1,  8800] loss: 0.011
[1,  8900] loss: 0.008
[1,  9000] loss: 0.007
[1,  9100] loss: 0.012
[1,  9200] loss: 0.011
[1,  9300] loss: 0.010
[1,  9400] loss: 0.010
[1,  9500] loss: 0.006
[1,  9600] loss: 0.010
[1,  9700] loss: 0.011
[1,  9800] loss: 0.014
[1,  9900] loss: 0.011
[1, 10000] loss: 0.010
[1, 10100] loss: 0.007
[1, 10200] loss: 0.011
[1, 10300] loss: 0.011
[1, 10400] loss: 0.012
[1, 10500] loss: 0.012
[1, 10600] loss: 0.013
[1, 10700] loss: 0.010
[1, 10800] loss: 0.010
[1, 10900] loss: 0.005
[1, 11000] loss: 0.011
[1, 11100] loss: 0.015
[1, 11200] loss: 0.006
[1, 11300] loss: 0.005
[1, 11400] loss: 0.014
[1, 11500] loss: 0.008
[1, 11600] loss: 0.013
[1, 11700] loss: 0.007
[1, 11800] loss: 0.005
[1, 11900] loss: 0.011
[1, 12000] loss: 0.014
[1, 12100] loss: 0.006
[1, 12200] loss: 0.013
[1, 12300] loss: 0.013
[1, 12400] loss: 0.004
[1, 12500] loss: 0.011
[1, 12600] loss: 0.009
[1, 12700] loss: 0.013
[1, 12800] loss: 0.008
[1, 12900] loss: 0.015
[1, 13000] loss: 0.010
[1, 13100] loss: 0.012
[1, 13200] loss: 0.009
[1, 13300] loss: 0.011
[1, 13400] loss: 0.012
[1, 13500] loss: 0.008
[1, 13600] loss: 0.005
[1, 13700] loss: 0.013
[1, 13800] loss: 0.009
[1, 13900] loss: 0.013
[1, 14000] loss: 0.007
[1, 14100] loss: 0.015
[1, 14200] loss: 0.012
[1, 14300] loss: 0.008
[1, 14400] loss: 0.011
[1, 14500] loss: 0.008
[1, 14600] loss: 0.009
[1, 14700] loss: 0.009
[1, 14800] loss: 0.008
[1, 14900] loss: 0.008
[1, 15000] loss: 0.007
[1, 15100] loss: 0.014
[1, 15200] loss: 0.010
[1, 15300] loss: 0.012
[1, 15400] loss: 0.012
[1, 15500] loss: 0.013
[1, 15600] loss: 0.006
[1, 15700] loss: 0.010
[1, 15800] loss: 0.008
[1, 15900] loss: 0.012
[1, 16000] loss: 0.010
[1, 16100] loss: 0.012
[1, 16200] loss: 0.008
[1, 16300] loss: 0.010
[1, 16400] loss: 0.003
[1, 16500] loss: 0.010
[1, 16600] loss: 0.006
[1, 16700] loss: 0.010
[1, 16800] loss: 0.006
[1, 16900] loss: 0.013
[1, 17000] loss: 0.007
[1, 17100] loss: 0.005
[1, 17200] loss: 0.012
[1, 17300] loss: 0.014
[1, 17400] loss: 0.017
[1, 17500] loss: 0.006
[1, 17600] loss: 0.010
[1, 17700] loss: 0.004
[1, 17800] loss: 0.011
[1, 17900] loss: 0.014
[1, 18000] loss: 0.013
[1, 18100] loss: 0.009
[1, 18200] loss: 0.010
[1, 18300] loss: 0.005
[1, 18400] loss: 0.005
[1, 18500] loss: 0.011
[1, 18600] loss: 0.010
[1, 18700] loss: 0.010
[1, 18800] loss: 0.007
[1, 18900] loss: 0.011
[1, 19000] loss: 0.015
[1, 19100] loss: 0.009
[1, 19200] loss: 0.005
[1, 19300] loss: 0.013
[1, 19400] loss: 0.012
[1, 19500] loss: 0.007
[1, 19600] loss: 0.008
[1, 19700] loss: 0.009
[1, 19800] loss: 0.008
[1, 19900] loss: 0.013
[1, 20000] loss: 0.007
[1, 20100] loss: 0.008
[1, 20200] loss: 0.011
[1, 20300] loss: 0.007
[1, 20400] loss: 0.007
[1, 20500] loss: 0.008
[1, 20600] loss: 0.008
[1, 20700] loss: 0.006
[1, 20800] loss: 0.010
[1, 20900] loss: 0.010
[1, 21000] loss: 0.013
[1, 21100] loss: 0.006
[1, 21200] loss: 0.012
[1, 21300] loss: 0.010
[1, 21400] loss: 0.011
[1, 21500] loss: 0.007
[1, 21600] loss: 0.012
[1, 21700] loss: 0.014
[1, 21800] loss: 0.009
[1, 21900] loss: 0.009
[1, 22000] loss: 0.011
[1, 22100] loss: 0.013
[1, 22200] loss: 0.015
[1, 22300] loss: 0.012
[1, 22400] loss: 0.014
[1, 22500] loss: 0.007
[1, 22600] loss: 0.012
[1, 22700] loss: 0.009
[1, 22800] loss: 0.008
[1, 22900] loss: 0.006
[1, 23000] loss: 0.010
[1, 23100] loss: 0.009
[1, 23200] loss: 0.013
[1, 23300] loss: 0.009
[1, 23400] loss: 0.007
[1, 23500] loss: 0.011
[1, 23600] loss: 0.009
[1, 23700] loss: 0.013
[1, 23800] loss: 0.004
[1, 23900] loss: 0.009
[1, 24000] loss: 0.010
[1, 24100] loss: 0.013
[1, 24200] loss: 0.011
[1, 24300] loss: 0.010
[1, 24400] loss: 0.008
[1, 24500] loss: 0.008
[1, 24600] loss: 0.007
[1, 24700] loss: 0.010
[1, 24800] loss: 0.014
[1, 24900] loss: 0.007
[1, 25000] loss: 0.011
[1, 25100] loss: 0.005
[1, 25200] loss: 0.006
[1, 25300] loss: 0.006
[1, 25400] loss: 0.008
[1, 25500] loss: 0.010
[1, 25600] loss: 0.008
[1, 25700] loss: 0.004
[1, 25800] loss: 0.015
[1, 25900] loss: 0.009
[1, 26000] loss: 0.007
[1, 26100] loss: 0.008
[1, 26200] loss: 0.008
[1, 26300] loss: 0.007
[1, 26400] loss: 0.013
[1, 26500] loss: 0.012
[1, 26600] loss: 0.010
[1, 26700] loss: 0.006
[1, 26800] loss: 0.014
[1, 26900] loss: 0.009
[1, 27000] loss: 0.015
[1, 27100] loss: 0.012
[1, 27200] loss: 0.005
[1, 27300] loss: 0.010
[1, 27400] loss: 0.011
[1, 27500] loss: 0.008
[1, 27600] loss: 0.009
[1, 27700] loss: 0.014
[1, 27800] loss: 0.008
[1, 27900] loss: 0.007
[1, 28000] loss: 0.005
[1, 28100] loss: 0.007
[1, 28200] loss: 0.012
[1, 28300] loss: 0.010
[1, 28400] loss: 0.005
[1, 28500] loss: 0.008
[1, 28600] loss: 0.010
[1, 28700] loss: 0.010
[1, 28800] loss: 0.004
[1, 28900] loss: 0.006
[1, 29000] loss: 0.014
[1, 29100] loss: 0.008
[1, 29200] loss: 0.012
[1, 29300] loss: 0.015
[1, 29400] loss: 0.009
[1, 29500] loss: 0.012
[1, 29600] loss: 0.014
[1, 29700] loss: 0.013
[1, 29800] loss: 0.009
[1, 29900] loss: 0.003
[1, 30000] loss: 0.007
[1, 30100] loss: 0.014
[1, 30200] loss: 0.011
[1, 30300] loss: 0.010
[1, 30400] loss: 0.007
[1, 30500] loss: 0.013
[1, 30600] loss: 0.009
[1, 30700] loss: 0.007
[1, 30800] loss: 0.007
[1, 30900] loss: 0.011
[1, 31000] loss: 0.009
[1, 31100] loss: 0.009
[1, 31200] loss: 0.008
[1, 31300] loss: 0.003
[1, 31400] loss: 0.010
[1, 31500] loss: 0.005
[1, 31600] loss: 0.009
[1, 31700] loss: 0.009
[1, 31800] loss: 0.007
[1, 31900] loss: 0.008
[1, 32000] loss: 0.009
[1, 32100] loss: 0.007
[1, 32200] loss: 0.008
[1, 32300] loss: 0.016
[1, 32400] loss: 0.012
[1, 32500] loss: 0.007
[1, 32600] loss: 0.008
[1, 32700] loss: 0.011
[1, 32800] loss: 0.011
[1, 32900] loss: 0.013
[1, 33000] loss: 0.007
[1, 33100] loss: 0.010
[1, 33200] loss: 0.008
[1, 33300] loss: 0.007
[1, 33400] loss: 0.013
[1, 33500] loss: 0.006
[1, 33600] loss: 0.013
[1, 33700] loss: 0.011
[1, 33800] loss: 0.012
[1, 33900] loss: 0.006
[1, 34000] loss: 0.008
[1, 34100] loss: 0.008
[1, 34200] loss: 0.003
[1, 34300] loss: 0.014
[1, 34400] loss: 0.012
[1, 34500] loss: 0.010
[1, 34600] loss: 0.007
[1, 34700] loss: 0.014
[1, 34800] loss: 0.014
[1, 34900] loss: 0.015
[1, 35000] loss: 0.007
[1, 35100] loss: 0.009
[1, 35200] loss: 0.007
[1, 35300] loss: 0.011
[1, 35400] loss: 0.016
[1, 35500] loss: 0.006
[1, 35600] loss: 0.012
[1, 35700] loss: 0.013
[1, 35800] loss: 0.008
[1, 35900] loss: 0.006
[1, 36000] loss: 0.010
[1, 36100] loss: 0.014
[1, 36200] loss: 0.010
[1, 36300] loss: 0.008
[1, 36400] loss: 0.007
[1, 36500] loss: 0.010
[1, 36600] loss: 0.007
[1, 36700] loss: 0.009
[1, 36800] loss: 0.006
[1, 36900] loss: 0.014
[1, 37000] loss: 0.005
[1, 37100] loss: 0.015
[1, 37200] loss: 0.012
[1, 37300] loss: 0.012
[1, 37400] loss: 0.009
[1, 37500] loss: 0.007
[1, 37600] loss: 0.008
[1, 37700] loss: 0.006
[1, 37800] loss: 0.012
[1, 37900] loss: 0.008
[1, 38000] loss: 0.013
[1, 38100] loss: 0.003
[1, 38200] loss: 0.007
[1, 38300] loss: 0.009
[1, 38400] loss: 0.011
[1, 38500] loss: 0.015
[1, 38600] loss: 0.011
[1, 38700] loss: 0.012
[1, 38800] loss: 0.011
[1, 38900] loss: 0.010
[1, 39000] loss: 0.012
[1, 39100] loss: 0.003
[1, 39200] loss: 0.011
[1, 39300] loss: 0.011
[1, 39400] loss: 0.007
[1, 39500] loss: 0.003
[1, 39600] loss: 0.005
[1, 39700] loss: 0.009
[1, 39800] loss: 0.010
[1, 39900] loss: 0.011
[1, 40000] loss: 0.010
[1, 40100] loss: 0.009
[1, 40200] loss: 0.009
[1, 40300] loss: 0.003
[1, 40400] loss: 0.013
[1, 40500] loss: 0.008
[1, 40600] loss: 0.009
[1, 40700] loss: 0.011
[1, 40800] loss: 0.010
[1, 40900] loss: 0.013
[1, 41000] loss: 0.011
[1, 41100] loss: 0.012
[1, 41200] loss: 0.012
[1, 41300] loss: 0.005
[1, 41400] loss: 0.007
[1, 41500] loss: 0.009
[1, 41600] loss: 0.009
[1, 41700] loss: 0.012
[1, 41800] loss: 0.011
[1, 41900] loss: 0.008
[1, 42000] loss: 0.012
[1, 42100] loss: 0.013
[1, 42200] loss: 0.012
[1, 42300] loss: 0.010
[1, 42400] loss: 0.011
[1, 42500] loss: 0.004
[1, 42600] loss: 0.009
[1, 42700] loss: 0.007
[1, 42800] loss: 0.001
[1, 42900] loss: 0.008
[1, 43000] loss: 0.009
[1, 43100] loss: 0.010
[1, 43200] loss: 0.007
[1, 43300] loss: 0.005
[1, 43400] loss: 0.011
[1, 43500] loss: 0.009
[1, 43600] loss: 0.005
[1, 43700] loss: 0.011
[1, 43800] loss: 0.011
[1, 43900] loss: 0.013
[1, 44000] loss: 0.007
[1, 44100] loss: 0.010
[1, 44200] loss: 0.009
[1, 44300] loss: 0.012
[1, 44400] loss: 0.012
[1, 44500] loss: 0.012
[1, 44600] loss: 0.009
[1, 44700] loss: 0.011
[1, 44800] loss: 0.014
[1, 44900] loss: 0.015
[1, 45000] loss: 0.008
[1, 45100] loss: 0.006
[1, 45200] loss: 0.012
[1, 45300] loss: 0.008
[1, 45400] loss: 0.008
[1, 45500] loss: 0.011
[1, 45600] loss: 0.010
[1, 45700] loss: 0.009
[1, 45800] loss: 0.008
[1, 45900] loss: 0.010
[1, 46000] loss: 0.012
[1, 46100] loss: 0.005
[1, 46200] loss: 0.009
[1, 46300] loss: 0.006
[1, 46400] loss: 0.010
[1, 46500] loss: 0.008
[1, 46600] loss: 0.012
[1, 46700] loss: 0.008
[1, 46800] loss: 0.010
[1, 46900] loss: 0.016
[1, 47000] loss: 0.006
[1, 47100] loss: 0.011
[1, 47200] loss: 0.015
[1, 47300] loss: 0.005
[1, 47400] loss: 0.006
[1, 47500] loss: 0.013
[1, 47600] loss: 0.002
[1, 47700] loss: 0.006
[1, 47800] loss: 0.007
[1, 47900] loss: 0.011
[1, 48000] loss: 0.014
[1, 48100] loss: 0.013
[1, 48200] loss: 0.014
[1, 48300] loss: 0.012
[1, 48400] loss: 0.011
[1, 48500] loss: 0.003
[1, 48600] loss: 0.012
[1, 48700] loss: 0.012
[1, 48800] loss: 0.004
[1, 48900] loss: 0.007
[1, 49000] loss: 0.013
[1, 49100] loss: 0.011
[1, 49200] loss: 0.006
[1, 49300] loss: 0.012
[1, 49400] loss: 0.011
[1, 49500] loss: 0.011
[1, 49600] loss: 0.009
[1, 49700] loss: 0.014
[1, 49800] loss: 0.004
[1, 49900] loss: 0.004
[1, 50000] loss: 0.006
[1, 50100] loss: 0.012
[1, 50200] loss: 0.012
[1, 50300] loss: 0.012
[1, 50400] loss: 0.014
[1, 50500] loss: 0.012
[1, 50600] loss: 0.011
[1, 50700] loss: 0.007
[1, 50800] loss: 0.008
[1, 50900] loss: 0.008
[1, 51000] loss: 0.013
[1, 51100] loss: 0.007
[1, 51200] loss: 0.008
[1, 51300] loss: 0.010
[1, 51400] loss: 0.008
[1, 51500] loss: 0.008
[1, 51600] loss: 0.014
[1, 51700] loss: 0.008
[1, 51800] loss: 0.009
[1, 51900] loss: 0.013
[1, 52000] loss: 0.012
[1, 52100] loss: 0.010
[1, 52200] loss: 0.012
[1, 52300] loss: 0.013
[1, 52400] loss: 0.010
[1, 52500] loss: 0.011
[1, 52600] loss: 0.004
[1, 52700] loss: 0.014
[1, 52800] loss: 0.008
[1, 52900] loss: 0.012
[1, 53000] loss: 0.013
[1, 53100] loss: 0.007
[1, 53200] loss: 0.016
[1, 53300] loss: 0.007
[1, 53400] loss: 0.011
[1, 53500] loss: 0.013
[1, 53600] loss: 0.007
[1, 53700] loss: 0.008
[1, 53800] loss: 0.014
[1, 53900] loss: 0.013
[1, 54000] loss: 0.010
[1, 54100] loss: 0.010
[1, 54200] loss: 0.008
[1, 54300] loss: 0.011
[1, 54400] loss: 0.011
[1, 54500] loss: 0.011
[1, 54600] loss: 0.013
[1, 54700] loss: 0.012
[1, 54800] loss: 0.009
[1, 54900] loss: 0.007
[1, 55000] loss: 0.010
[1, 55100] loss: 0.014
[1, 55200] loss: 0.012
[1, 55300] loss: 0.004
[1, 55400] loss: 0.008
[1, 55500] loss: 0.014
[1, 55600] loss: 0.013
[1, 55700] loss: 0.008
[1, 55800] loss: 0.014
[1, 55900] loss: 0.013
[1, 56000] loss: 0.007
[1, 56100] loss: 0.007
[1, 56200] loss: 0.006
[1, 56300] loss: 0.008
[1, 56400] loss: 0.010
[1, 56500] loss: 0.013
[1, 56600] loss: 0.012
[1, 56700] loss: 0.010
[1, 56800] loss: 0.013
[1, 56900] loss: 0.013
[1, 57000] loss: 0.015
[1, 57100] loss: 0.015
[1, 57200] loss: 0.011
[1, 57300] loss: 0.008
[1, 57400] loss: 0.003
[1, 57500] loss: 0.004
[1, 57600] loss: 0.013
[1, 57700] loss: 0.015
[1, 57800] loss: 0.011
[1, 57900] loss: 0.011
[1, 58000] loss: 0.009
[1, 58100] loss: 0.008
[1, 58200] loss: 0.016
[1, 58300] loss: 0.006
[1, 58400] loss: 0.008
[1, 58500] loss: 0.013
[1, 58600] loss: 0.010
[1, 58700] loss: 0.004
[1, 58800] loss: 0.012
[1, 58900] loss: 0.007
[1, 59000] loss: 0.011
[1, 59100] loss: 0.012
[1, 59200] loss: 0.009
[1, 59300] loss: 0.008
[1, 59400] loss: 0.007
[1, 59500] loss: 0.011
[1, 59600] loss: 0.007
[1, 59700] loss: 0.010
[1, 59800] loss: 0.008
[1, 59900] loss: 0.008
[1, 60000] loss: 0.011
[1, 60100] loss: 0.008
[1, 60200] loss: 0.006
[1, 60300] loss: 0.008
[1, 60400] loss: 0.012
[1, 60500] loss: 0.007
[1, 60600] loss: 0.005
[1, 60700] loss: 0.010
[1, 60800] loss: 0.017
[1, 60900] loss: 0.008
[1, 61000] loss: 0.007
[1, 61100] loss: 0.014
[1, 61200] loss: 0.003
[1, 61300] loss: 0.006
[1, 61400] loss: 0.007
[1, 61500] loss: 0.010
[1, 61600] loss: 0.004
[1, 61700] loss: 0.010
[1, 61800] loss: 0.011
[1, 61900] loss: 0.007
[1, 62000] loss: 0.007
[1, 62100] loss: 0.007
[1, 62200] loss: 0.013
[1, 62300] loss: 0.011
[1, 62400] loss: 0.005
[1, 62500] loss: 0.012
[1, 62600] loss: 0.013
[1, 62700] loss: 0.013
[1, 62800] loss: 0.011
[1, 62900] loss: 0.006
[1, 63000] loss: 0.015
[1, 63100] loss: 0.006
[1, 63200] loss: 0.009
[1, 63300] loss: 0.006
[1, 63400] loss: 0.014
[1, 63500] loss: 0.013
[1, 63600] loss: 0.009
[1, 63700] loss: 0.008
[1, 63800] loss: 0.012
[1, 63900] loss: 0.007
[1, 64000] loss: 0.014
[1, 64100] loss: 0.009
[1, 64200] loss: 0.012
[1, 64300] loss: 0.006
[1, 64400] loss: 0.008
[1, 64500] loss: 0.011
[1, 64600] loss: 0.007
[1, 64700] loss: 0.012
[1, 64800] loss: 0.012
[1, 64900] loss: 0.014
[1, 65000] loss: 0.013
[1, 65100] loss: 0.005
[1, 65200] loss: 0.014
[1, 65300] loss: 0.014
[1, 65400] loss: 0.009
[1, 65500] loss: 0.011
[1, 65600] loss: 0.011
[1, 65700] loss: 0.009
[1, 65800] loss: 0.007
[1, 65900] loss: 0.008
[1, 66000] loss: 0.005
[1, 66100] loss: 0.007
[1, 66200] loss: 0.011
[1, 66300] loss: 0.007
[1, 66400] loss: 0.013
[1, 66500] loss: 0.008
[1, 66600] loss: 0.012
[1, 66700] loss: 0.013
[1, 66800] loss: 0.008
[1, 66900] loss: 0.002
[1, 67000] loss: 0.010
[1, 67100] loss: 0.005
[1, 67200] loss: 0.007
[1, 67300] loss: 0.009
[1, 67400] loss: 0.005
[1, 67500] loss: 0.008
[1, 67600] loss: 0.014
[1, 67700] loss: 0.011
[1, 67800] loss: 0.003
[1, 67900] loss: 0.014
[1, 68000] loss: 0.011
[1, 68100] loss: 0.010
[1, 68200] loss: 0.010
[1, 68300] loss: 0.007
[1, 68400] loss: 0.011
[1, 68500] loss: 0.007
[1, 68600] loss: 0.007
[1, 68700] loss: 0.009
[1, 68800] loss: 0.011
10:35:10.072599 Finished Training
10:35:10.157747 Saved weights
